Webots Project File version R2025a
perspectives: 000000ff00000000fd00000002000000010000011c00000479fc0200000001fb0000001400540065007800740045006400690074006f0072010000001d000004790000004400ffffff0000000300000a0000000081fc0100000001fb0000001a0043006f006e0073006f006c00650041006c006c0041006c006c010000000000000a000000006900ffffff000008e20000047900000001000000020000000100000008fc00000000
simulationViewPerspectives: 000000ff00000001000000020000013e000007a40100000002010000000100
sceneTreePerspectives: 000000ff000000010000000300000026000000c0000000000100000002010000000200
maximizedDockId: -1
centralWidgetVisible: 1
orthographicViewHeight: 1
textFiles: -1
consoles: Console:All:All
renderingDevicePerspectives: RoverExplorer:camera;1;2.225;0.0265167;0.544707
renderingDevicePerspectives: RoverExplorer:map_display;1;1.695;0.0342886;0.167173
